261160030605279233
223516249060151296
184551863222411265
240086793746280448
174780901471948800
262336608907427840
263913990080561153
261769608367857665
263353226580094976
239093066982641664
262602714243031040
247675178597879808
230290699218735104
247961327233032193
263491253755338753
247276269006360576
264222433475702785
259297553886101504
200668275510743040
221870336273154048
238517157611311104
261011903764123648
245878801693818880
234568117479682048
263253865082789889
263687193644646400
262033482371461121
259376997690638336
249104418593714176
243751941044314112
232804134179446785
264219851990650880
250339916398092288
263811073726099457
261405872482316288
264183358769229825
197780153093459968
251022467911544832
262664840324186114
224150295960236033
165104457271611393
257784723756154880
255259343589609472
264187792148545536
256251310997901312
248788478475792384
259340502955073538
229203459252035584
262039369567850496
261332814488817665
176907848574439424
257991578050785280
259459922436186112
263041267938762752
227990469127315456
259981665798086657
228489383471366144
200541816829906945
256976498060304384
263279931025399809
247175009653637120
262433908061253632
262402059976978432
176615438942339072
256035882015019008
263262933063188483
262325601057267713
254801816724844545
261323075935690752
257870018140831744
257837309867749378
251846419407847424
238968002169692160
198847077063720960
244793817113448448
262002023556317184
261495046795300865
236759532120965121
261619557951737856
264080263330557952
262380684914614272
210852795941797888
224173935011446787
243559867288272896
263383039848116224
261130875469705216
263134843137830912
263432399453556737
264134457429217280
262208968410165248
176606282776715264
243501506341523456
259644938843721728
259610599309312000
260926062370885632
263335832906244096
252480155996524544
261985369141149697
262261652634890240
237990305499066369
229919467382116352
259664591821365248
259980696850952193
261641728426127362
254313836209917952
263532553460408320
198487573704876032
264157031550816256
176266254439563265
245724214613651456
176948244851589120
259662095107366912
246643883054866433
259741223135371265
248438899649699840
240215933455585280
236124696402333696
251343109580005376
256148404122550272
227906576583888897
224966591559892992
263775077215133696
259935160479391744
247743169167511552
230845827487260672
246876042483089408
176655626456408064
264063338949009409
247273809873367040
239822242505170944
263658026374946816
255983482730336257
263011676046106625
264225195550703616
264237314774011904
262951325661294594
259079924441284608
247019957228027905
220170610867847168
264133032355713024
263652502463975425
263942501738635264
252979149738749952
238337304836599808
231535559942746112
261802915088437249
232906545174810624
264223113963773953
195523999005032448
263843336065011714
175151360994590720
264263949204193280
252246236424454145
261743351848656896
252874538600251393
154077195466321920
263280511127011331
255253089152544769
254354160189845504
262462782191050752
230385641651847168
225881846544740352
257135349543874560
256404682552008704
252401979630948352
264206806220431360
264186765097713665
218953466792517633
224508142053105664
264106460785557504
262298554184388608
257270883587072003
264240880658022400
262573299878465536
263986227856936960
216182830743568384
177155375903158272
248812758102048768
262000074672963584
243293034840748032
262142704748724224
263296389432365056
228953174340415489
224968105401651200
224623217078308864
262143397907808256
247837741092569088
261663383508639744
251650645025751040
262949298050846720
253205092109533185
257193595201789952
263821986382372864
264058599624540161
263991462847447040
190190317935394817
263365364820373504
259325173944176640
251126502874308608
264131211998404608
259513924079190016
263337111841824768
262590061277765632
163760634889113600
264192766987362304
196814557493215232
264136064871047168
259271052906074112
226587962509516800
238901297582051328
250749466443927552
263624011836174336
237556143155720192
192507064885583872